+-----------------------------------------------------------------------------------------------------------------------------------------------------------------------------------------------------------------------------------------------------------+
; Legal Partition Candidates                                                                                                                                                                                                                                ;
+------------------------------------------------------+-------+----------------+--------------+----------------+--------+-----------------+---------------+-----------------+-------+----------------+--------------+------------------+-------------------+
; Hierarchy                                            ; Input ; Constant Input ; Unused Input ; Floating Input ; Output ; Constant Output ; Unused Output ; Floating Output ; Bidir ; Constant Bidir ; Unused Bidir ; Input only Bidir ; Output only Bidir ;
+------------------------------------------------------+-------+----------------+--------------+----------------+--------+-----------------+---------------+-----------------+-------+----------------+--------------+------------------+-------------------+
; proc                                                 ; 36    ; 1              ; 0            ; 1              ; 50     ; 1               ; 1             ; 1               ; 0     ; 0              ; 0            ; 0                ; 0                 ;
; data_bus|dct                                         ; 28    ; 0              ; 0            ; 0              ; 17     ; 0               ; 0             ; 0               ; 0     ; 0              ; 0            ; 0                ; 0                 ;
; data_bus|fp_mult|fpm                                 ; 32    ; 0              ; 0            ; 0              ; 20     ; 0               ; 0             ; 0               ; 0     ; 0              ; 0            ; 0                ; 0                 ;
; data_bus|fp_mult                                     ; 23    ; 0              ; 0            ; 0              ; 17     ; 0               ; 0             ; 0               ; 0     ; 0              ; 0            ; 0                ; 0                 ;
; data_bus|ps2_cont|U1                                 ; 3     ; 0              ; 0            ; 0              ; 11     ; 0               ; 0             ; 0               ; 2     ; 0              ; 0            ; 0                ; 0                 ;
; data_bus|ps2_cont                                    ; 24    ; 6              ; 22           ; 6              ; 17     ; 6               ; 6             ; 6               ; 2     ; 0              ; 0            ; 0                ; 0                 ;
; data_bus|DataMem|altsyncram_component|auto_generated ; 30    ; 0              ; 0            ; 0              ; 16     ; 0               ; 0             ; 0               ; 0     ; 0              ; 0            ; 0                ; 0                 ;
; data_bus|DataMem                                     ; 30    ; 0              ; 0            ; 0              ; 16     ; 0               ; 0             ; 0               ; 0     ; 0              ; 0            ; 0                ; 0                 ;
; data_bus                                             ; 47    ; 1              ; 0            ; 1              ; 70     ; 1               ; 1             ; 1               ; 6     ; 0              ; 0            ; 0                ; 0                 ;
; InstrMem|altsyncram_component|auto_generated         ; 30    ; 0              ; 0            ; 0              ; 16     ; 0               ; 0             ; 0               ; 0     ; 0              ; 0            ; 0                ; 0                 ;
; InstrMem                                             ; 30    ; 17             ; 0            ; 17             ; 16     ; 17              ; 17            ; 17              ; 0     ; 0              ; 0            ; 0                ; 0                 ;
+------------------------------------------------------+-------+----------------+--------------+----------------+--------+-----------------+---------------+-----------------+-------+----------------+--------------+------------------+-------------------+
